9
Xylocopa_appendiculata  0.0000000 0.0583743 0.1225249 0.2728419 0.1598392 0.2682104 0.2787128 0.2414379 0.2582877 
Xylocopa_latipes        0.0583743 0.0000000 0.1311867 0.2942314 0.1952568 0.2852453 0.2912331 0.2541607 0.2804903 
Xylocopa_auripennis     0.1225249 0.1311867 0.0000000 0.2762845 0.2562850 0.1735102 0.2659535 0.2028288 0.2430270 
Xylocopa_frontalis      0.2728419 0.2942314 0.2762845 0.0000000 0.1458027 0.1298977 0.1388308 0.1409409 0.1249765 
Xylocopa_confusa        0.1598392 0.1952568 0.2562850 0.1458027 0.0000000 0.1083304 0.1240236 0.1227710 0.1079045 
Xylocopa_tranquebarorum 0.2682104 0.2852453 0.1735102 0.1298977 0.1083304 0.0000000 0.1093518 0.0971937 0.0943958 
Xylocopa_iris           0.2787128 0.2912331 0.2659535 0.1388308 0.1240236 0.1093518 0.0000000 0.1047130 0.0909620 
Xylocopa_violacea       0.2414379 0.2541607 0.2028288 0.1409409 0.1227710 0.0971937 0.1047130 0.0000000 0.0911804 
Xylocopa_virginica      0.2582877 0.2804903 0.2430270 0.1249765 0.1079045 0.0943958 0.0909620 0.0911804 0.0000000 
